%YAML:1.0
---
camera_matrix: !!opencv-matrix
   rows: 3
   cols: 3
   dt: d
   data: [ 1.2953076263006994e+02, 0., 1.7070754506087181e+02, 0.,
       1.3058527148551835e+02, 1.4003747344420904e+02, 0., 0., 1. ]
distortion_coefficients: !!opencv-matrix
   rows: 5
   cols: 1
   dt: d
   data: [ -1.2078715617874695e-01, 6.6964560693070177e-02,
       -8.4813437905841942e-03, -2.4974659013814932e-03,
       -1.4638945604908466e-02 ]
