%YAML:1.0
---
camera_matrix: !!opencv-matrix
   rows: 3
   cols: 3
   dt: d
   data: [ 1.7134066290686351e+02, 0., 1.6727983038291890e+02, 0.,
       1.7344855920009334e+02, 1.3046355302676122e+02, 0., 0., 1. ]
distortion_coefficients: !!opencv-matrix
   rows: 5
   cols: 1
   dt: d
   data: [ -1.9963879289862208e-01, 2.5715024764332911e-01,
       -1.2815308752733290e-03, 5.4575347538662515e-03,
       -1.7605966253166130e-01 ]
